1   8   13  16
10  11  12  19
1   4   8   16
4   6   14  19
4   6   7   11
6   9   10  14
4   5   7   8
1   3   14  17
2   11  17  19
3   12  17  18
1   5   10  11
9   14  15  19
1   8   12  14
8   10  11  17
2   11  13  17
3   7   9   20
3   7   13  20
11  13  14  19
3   9   13  16
6   13  15  18
4   8   9   10
5   6   12  13
1   7   16  18
4   10  12  19
2   4   14  20
5   16  18  20
1   6   14  16
2   5   7   8
3   9   14  15
4   12  14  15
2   11  13  15
2   10  15  18
5   7   15  20
4   5   8   20
1   3   12  18
1   4   6   17
1   2   18  19
2   3   9   20
4   9   10  16
8   11  12  17
