19 16 9 17 12 13 20 3 
13 17 4 7 3 5 6 2 
10 6 15 19 11 18 1 22 
14 10 6 12 9 18 22 8 
12 8 4 13 22 7 5 20 
7 8 2 20 17 4 18 14 
17 10 14 2 15 18 5 1 
4 9 19 6 2 10 8 22 
1 2 16 19 14 21 17 3 
7 19 5 10 15 21 14 11 
21 14 10 11 4 22 13 19 
14 10 20 11 1 3 18 8 
6 21 5 7 15 19 16 12 
15 7 8 21 14 6 12 3 
4 1 13 7 9 2 16 18 
3 14 18 6 22 11 2 7 
12 6 1 7 16 11 17 21 
1 9 18 17 20 22 2 21 
17 20 15 8 13 21 10 22 
21 1 12 3 6 18 17 9 
4 16 20 8 9 21 6 18 
5 13 11 10 16 19 3 18 
12 13 18 5 15 4 11 10 
8 21 12 19 10 14 18 17 
3 5 4 21 10 8 14 19 
20 4 10 18 11 3 17 9 
13 5 1 12 22 9 6 20 
16 1 21 20 2 10 15 3 
18 9 22 11 10 13 12 8 
13 3 11 6 20 8 22 17 
20 19 4 18 21 8 2 15 
20 3 12 5 15 13 6 11 
4 5 7 8 6 3 19 21 
3 19 1 11 8 20 2 6 
12 2 17 13 20 11 5 9 
10 13 15 8 7 20 2 22 
2 7 13 10 4 18 20 1 
21 8 20 6 16 2 22 15 
8 5 15 6 1 4 7 2 
8 16 13 5 11 12 15 3 
